100007
100039
100099
10081
101027
101084
102062
103006
103029
103078
104010
104055
105027
106005
106047
107014
107045
107072
108004
108036
108069
109055
112056
112090
117025
118015
118031
118072
120003
120093
123057
128035
130014
130066
134049
134067
140006
140088
14085
14092
141012
141048
145059
145079
146074
147077
147080
15011
15062
156054
157032
157087
159002
159022
160006
16004
160067
16068
161045
163004
163096
164046
168084
17067
175083
176051
179084
181021
183066
185092
187058
187099
188025
189006
189013
189029
189096
196027
196040
196062
196088
198087
20069
201080
2018
202000
206062
206097
207038
207049
208078
209021
217013
217090
220003
223004
223060
225022
226022
226033
226043
226060
228076
230063
230098
23050
232076
235098
238025
243095
246009
247003
247012
249021
250047
250087
253016
253092
257098
258089
259060
267036
268048
268074
277053
279005
28083
281017
285022
288024
289011
290035
29030
296028
296058
302022
306051
306052
3063
309040
317043
326025
326085
33044
334025
335088
335094
344010
346016
347031
35028
35049
36046
365072
368037
372019
376086
384022
384089
385022
388006
388018
388067
393035
41006
41029
41085
41096
43033
43051
45000
48017
48025
49024
5096
51084
6046
61034
64061
65084
69000
69007
69022
70011
70090
71076
71099
77062
78098
79073
80085
80090
8068
81066
81090
81095
87015
92014
94095
97010
100075
100080
100098
103041
104022
105019
105053
106020
106025
108041
108073
109034
112082
113009
113016
113044
117054
118020
118035
12003
12074
122048
124084
126039
130034
134008
134052
135037
135069
138032
138078
140055
140075
144067
145014
145053
147021
147062
15004
15088
151087
153077
153093
155060
156079
157036
159029
159045
159091
16052
161062
163014
163062
164074
166081
169012
170054
172032
173036
176019
176035
176039
178054
181018
181079
181091
183055
183087
187003
187029
187039
187071
187083
188005
188063
188091
189003
189011
196015
198004
198023
198054
20008
202012
207056
209070
2092
216041
216053
216066
22013
22090
22093
225017
227040
227046
23025
23080
23084
231015
232038
236017
238011
239007
239096
24004
24063
242078
245051
246016
246053
247085
249061
249087
25098
253036
254033
254054
260081
26031
268002
27059
271008
271031
274007
277095
28075
28096
285036
286092
292066
293029
299091
301007
302003
309004
310007
311068
311081
314016
317080
323016
326038
33066
35008
35010
35058
35070
35091
353013
361084
365025
365073
368016
368078
370036
372047
374020
374067
376001
376020
385028
388016
41004
41025
42044
42078
43070
43083
45077
46076
48055
54005
55067
55075
56028
59078
60079
61060
61086
65010
65019
65074
65132
66039
66075
67079
68077
71046
76002
78019
80099
8049
8143
87065
90076
92059
94079
95006
97017
101085
101087
102061
103070
105025
106024
108005
108070
108082
109053
119082
12084
123074
126007
130026
134035
14037
143090
145086
147091
148026
148089
156065
157055
159008
160068
16077
163085
167062
167083
170057
175032
175043
182053
189080
19021
196073
197017
208001
210088
21077
216081
219090
220075
223061
227092
229036
236037
24077
241004
241048
253027
253055
260058
271035
285079
291000
295087
296007
296059
299086
300091
302008
304034
304074
306005
3096
33039
351093
361010
37073
376043
38082
38092
385039
41033
41069
42012
42049
43074
45096
54082
55073
58060
62096
65033
66053
69015
69020
69040
76053
78004
8023
85048
86000
86016
86068
87046
89072
97033